
Clu#	Lag	X	Y	Z	X(mm)	Y(mm)	Z(mm)	BSR	Appro.P	Clu_Size(voxels)
------------------------------------------------------------------------------------------------

1	1	59	42	73	26.0	-44.0	72.0	5.4821	0.0000	225
2	1	56	48	41	20.0	-32.0	8.0	4.4739	0.0000	35
3	1	50	53	63	8.0	-22.0	52.0	4.3469	0.0000	271
4	1	54	23	59	16.0	-82.0	44.0	4.3014	0.0000	53
5	1	41	59	50	-10.0	-10.0	26.0	4.2177	0.0000	39
6	1	40	49	74	-12.0	-30.0	74.0	4.2116	0.0000	110
7	1	49	57	74	6.0	-14.0	74.0	4.1887	0.0000	20
8	1	68	55	63	44.0	-18.0	52.0	4.1663	0.0000	445
9	1	32	65	44	-28.0	2.0	14.0	4.1151	0.0000	66
10	1	37	25	29	-18.0	-78.0	-16.0	3.8796	0.0001	44
11	1	52	46	60	12.0	-36.0	46.0	3.8598	0.0001	25
12	1	40	40	74	-12.0	-48.0	74.0	3.7170	0.0002	43
13	1	33	34	35	-26.0	-60.0	-4.0	3.6847	0.0002	73
14	1	17	45	47	-58.0	-38.0	20.0	3.6644	0.0002	51
15	1	65	89	43	38.0	50.0	12.0	3.6510	0.0003	25
16	1	72	40	63	52.0	-48.0	52.0	3.6438	0.0003	242
17	1	30	44	67	-32.0	-40.0	60.0	3.6426	0.0003	28
18	1	51	73	70	10.0	18.0	66.0	3.5979	0.0003	11
19	1	53	57	50	14.0	-14.0	26.0	3.5447	0.0004	23
20	1	63	65	68	34.0	2.0	62.0	3.4489	0.0006	19
21	1	62	76	64	32.0	24.0	54.0	3.4472	0.0006	14
22	1	55	67	66	18.0	6.0	58.0	3.4397	0.0006	28
23	1	72	67	38	52.0	6.0	2.0	3.4370	0.0006	104
24	1	29	83	40	-34.0	38.0	6.0	3.3964	0.0007	17
25	1	66	47	47	40.0	-34.0	20.0	3.3364	0.0008	39
26	1	43	74	42	-6.0	20.0	10.0	3.3114	0.0009	26
27	1	58	93	53	24.0	58.0	32.0	3.2929	0.0010	11
28	1	70	33	34	48.0	-62.0	-6.0	3.2611	0.0011	22
29	1	29	83	52	-34.0	38.0	30.0	3.2163	0.0013	63
30	1	52	21	48	12.0	-86.0	22.0	3.2035	0.0014	27
31	1	73	70	55	54.0	12.0	36.0	3.2029	0.0014	10
32	1	48	50	34	4.0	-28.0	-6.0	-4.0865	0.0000	200
33	1	27	61	27	-38.0	-6.0	-20.0	-3.8020	0.0001	63
34	1	29	68	50	-34.0	8.0	26.0	-3.6321	0.0003	63
35	1	36	28	22	-20.0	-72.0	-30.0	-3.4015	0.0007	35
36	2	56	68	37	20.0	8.0	0.0	6.8251	0.0000	2376
37	2	21	58	44	-50.0	-12.0	14.0	5.6593	0.0000	2934
38	2	32	33	36	-28.0	-62.0	-2.0	5.1201	0.0000	608
39	2	26	32	59	-40.0	-64.0	44.0	4.9422	0.0000	252
40	2	49	46	54	6.0	-36.0	34.0	4.6238	0.0000	1431
41	2	65	90	49	38.0	52.0	24.0	4.5983	0.0000	355
42	2	54	73	61	16.0	18.0	48.0	4.4355	0.0000	80
43	2	51	59	75	10.0	-10.0	76.0	4.2772	0.0000	94
44	2	50	50	75	8.0	-28.0	76.0	4.2632	0.0000	1447
45	2	38	60	59	-16.0	-8.0	44.0	4.2474	0.0000	282
46	2	52	23	55	12.0	-82.0	36.0	4.1792	0.0000	396
47	2	34	24	48	-24.0	-80.0	22.0	4.1288	0.0000	363
48	2	42	87	39	-8.0	46.0	4.0	4.1270	0.0000	311
49	2	20	62	30	-52.0	-4.0	-14.0	4.0877	0.0000	217
50	2	73	36	62	54.0	-56.0	50.0	3.8964	0.0001	298
51	2	57	24	32	22.0	-80.0	-10.0	3.8779	0.0001	50
52	2	57	30	36	22.0	-68.0	-2.0	3.8512	0.0001	223
53	2	33	43	52	-26.0	-42.0	30.0	3.8349	0.0001	35
54	2	55	73	41	18.0	18.0	8.0	3.8129	0.0001	218
55	2	26	72	57	-40.0	16.0	40.0	3.8107	0.0001	192
56	2	56	30	59	20.0	-68.0	44.0	3.7004	0.0002	86
57	2	58	63	57	24.0	-2.0	40.0	3.6670	0.0002	56
58	2	32	56	51	-28.0	-16.0	28.0	3.6520	0.0003	17
59	2	61	41	32	30.0	-46.0	-10.0	3.5871	0.0003	70
60	2	33	26	28	-26.0	-76.0	-18.0	3.5085	0.0005	41
61	2	32	39	29	-28.0	-50.0	-16.0	3.4045	0.0007	28
62	2	37	47	61	-18.0	-34.0	48.0	3.3507	0.0008	13
63	2	57	73	52	22.0	18.0	30.0	3.3386	0.0008	19
64	2	60	65	50	28.0	2.0	26.0	3.3327	0.0009	15
65	2	35	47	71	-22.0	-34.0	68.0	3.3247	0.0009	312
66	2	62	76	64	32.0	24.0	54.0	3.3229	0.0009	56
67	2	64	66	68	36.0	4.0	62.0	3.2712	0.0011	13
68	2	37	84	63	-18.0	40.0	52.0	3.2480	0.0012	15
69	2	51	46	34	10.0	-36.0	-6.0	-4.4220	0.0000	43
70	2	28	67	51	-36.0	6.0	28.0	-3.9927	0.0001	79
71	2	23	81	46	-46.0	34.0	18.0	-3.9534	0.0001	107
72	2	32	61	26	-28.0	-6.0	-22.0	-3.9003	0.0001	85
73	2	18	35	41	-56.0	-58.0	8.0	-3.8470	0.0001	154
74	2	49	64	34	6.0	0.0	-6.0	-3.7576	0.0002	27
75	2	75	38	38	58.0	-52.0	2.0	-3.2223	0.0013	37
76	3	47	38	50	2.0	-52.0	26.0	6.7293	0.0000	10034
77	3	66	35	55	40.0	-58.0	36.0	5.8706	0.0000	645
78	3	17	56	32	-58.0	-16.0	-10.0	5.6714	0.0000	712
79	3	38	61	55	-16.0	-6.0	36.0	5.3713	0.0000	674
80	3	25	31	60	-42.0	-66.0	46.0	5.2344	0.0000	768
81	3	55	77	58	18.0	26.0	42.0	4.6059	0.0000	849
82	3	38	50	68	-16.0	-28.0	62.0	4.4643	0.0000	375
83	3	74	59	39	56.0	-10.0	4.0	4.4017	0.0000	528
84	3	32	34	36	-28.0	-60.0	-2.0	4.2937	0.0000	1124
85	3	69	29	34	46.0	-70.0	-6.0	4.1216	0.0000	329
86	3	42	76	38	-8.0	24.0	2.0	4.0785	0.0000	53
87	3	30	73	60	-32.0	18.0	46.0	3.9491	0.0001	178
88	3	19	46	35	-54.0	-36.0	-4.0	3.9232	0.0001	77
89	3	54	21	31	16.0	-86.0	-12.0	3.8933	0.0001	20
90	3	33	55	62	-26.0	-18.0	50.0	3.5482	0.0004	52
91	3	38	49	24	-16.0	-30.0	-26.0	3.4765	0.0005	14
92	3	50	45	30	8.0	-38.0	-14.0	3.4274	0.0006	14
93	3	62	22	31	32.0	-84.0	-12.0	3.3400	0.0008	14
94	3	75	61	29	58.0	-6.0	-16.0	3.2903	0.0010	24
95	3	39	80	61	-14.0	32.0	48.0	3.2902	0.0010	41
96	3	24	82	42	-44.0	36.0	10.0	-7.8428	0.0000	1540
97	3	29	58	33	-34.0	-12.0	-8.0	-7.0118	0.0000	706
98	3	68	80	43	44.0	32.0	12.0	-6.3112	0.0000	617
99	3	17	45	60	-58.0	-38.0	46.0	-5.2549	0.0000	277
100	3	21	36	40	-50.0	-56.0	6.0	-4.9649	0.0000	456
101	3	44	60	32	-4.0	-8.0	-10.0	-4.5834	0.0000	100
102	3	43	50	32	-6.0	-28.0	-10.0	-4.2913	0.0000	110
103	3	17	70	50	-58.0	12.0	26.0	-4.2108	0.0000	16
104	3	25	23	50	-42.0	-82.0	26.0	-3.9910	0.0001	53
105	3	57	42	38	22.0	-44.0	2.0	-3.9746	0.0001	63
106	3	50	64	38	8.0	0.0	2.0	-3.9189	0.0001	49
107	3	55	62	27	18.0	-4.0	-20.0	-3.6884	0.0002	51
108	3	78	48	56	64.0	-32.0	38.0	-3.5558	0.0004	11
109	3	60	52	36	28.0	-24.0	-2.0	-3.5161	0.0004	23
110	3	29	43	31	-34.0	-42.0	-12.0	-3.2992	0.0010	19
111	3	64	69	32	36.0	10.0	-10.0	-3.2777	0.0010	48
112	4	44	42	54	-4.0	-44.0	34.0	6.6156	0.0000	5384
113	4	60	51	59	28.0	-26.0	44.0	5.6493	0.0000	2411
114	4	54	63	58	16.0	-2.0	42.0	4.8945	0.0000	631
115	4	18	59	30	-56.0	-10.0	-14.0	4.6848	0.0000	413
116	4	24	32	53	-44.0	-64.0	32.0	4.4452	0.0000	654
117	4	18	60	51	-56.0	-8.0	28.0	4.3266	0.0000	235
118	4	28	51	46	-36.0	-26.0	18.0	4.1917	0.0000	262
119	4	35	28	35	-22.0	-72.0	-4.0	4.0785	0.0000	457
120	4	39	63	58	-14.0	-2.0	42.0	3.9807	0.0001	225
121	4	61	49	46	30.0	-30.0	18.0	3.8555	0.0001	378
122	4	36	47	68	-20.0	-34.0	62.0	3.7653	0.0002	220
123	4	71	31	34	50.0	-66.0	-6.0	3.6799	0.0002	110
124	4	19	46	35	-54.0	-36.0	-4.0	3.6423	0.0003	26
125	4	56	73	49	20.0	18.0	24.0	3.5828	0.0003	92
126	4	66	26	40	40.0	-76.0	6.0	3.5715	0.0004	152
127	4	75	60	28	58.0	-8.0	-18.0	3.4700	0.0005	33
128	4	42	35	30	-8.0	-58.0	-14.0	3.3350	0.0009	105
129	4	33	31	49	-26.0	-66.0	24.0	3.3308	0.0009	33
130	4	54	21	30	16.0	-86.0	-14.0	3.3132	0.0009	13
131	4	30	62	27	-32.0	-4.0	-20.0	-7.3762	0.0000	697
132	4	25	82	42	-42.0	36.0	10.0	-7.2102	0.0000	1153
133	4	18	34	39	-56.0	-60.0	4.0	-5.6920	0.0000	228
134	4	71	79	40	50.0	30.0	6.0	-5.3928	0.0000	383
135	4	17	42	60	-58.0	-44.0	46.0	-5.0886	0.0000	255
136	4	27	22	53	-38.0	-84.0	32.0	-4.7879	0.0000	49
137	4	49	65	37	6.0	2.0	0.0	-4.1571	0.0000	40
138	4	58	44	40	24.0	-40.0	6.0	-4.1432	0.0000	87
139	4	61	64	25	30.0	0.0	-24.0	-3.9684	0.0001	145
140	4	15	41	47	-62.0	-46.0	20.0	-3.6785	0.0002	15
141	4	47	66	52	2.0	4.0	30.0	-3.5902	0.0003	86
142	4	25	39	30	-42.0	-50.0	-14.0	-3.5126	0.0004	89
143	4	56	59	30	20.0	-10.0	-14.0	-3.5058	0.0005	60
144	4	42	50	34	-8.0	-28.0	-6.0	-3.3226	0.0009	48
145	4	60	52	35	28.0	-24.0	-4.0	-3.2646	0.0011	20
146	4	58	45	34	24.0	-38.0	-6.0	-3.2339	0.0012	40
147	4	67	38	29	42.0	-52.0	-16.0	-3.2164	0.0013	35
148	5	77	64	43	62.0	0.0	12.0	6.2001	0.0000	676
149	5	52	46	67	12.0	-36.0	60.0	4.6971	0.0000	1287
150	5	47	32	59	2.0	-64.0	44.0	4.4875	0.0000	1758
151	5	47	34	34	2.0	-60.0	-6.0	4.1523	0.0000	273
152	5	27	51	46	-38.0	-26.0	18.0	4.0545	0.0001	298
153	5	49	42	34	6.0	-44.0	-6.0	4.0487	0.0001	39
154	5	70	49	47	48.0	-30.0	20.0	3.9716	0.0001	781
155	5	21	56	40	-50.0	-16.0	6.0	3.8868	0.0001	411
156	5	28	35	59	-36.0	-58.0	44.0	3.7878	0.0002	333
157	5	65	59	40	38.0	-10.0	6.0	3.7190	0.0002	91
158	5	53	60	57	14.0	-8.0	40.0	3.6610	0.0003	168
159	5	20	62	29	-52.0	-4.0	-16.0	3.5977	0.0003	102
160	5	34	41	28	-24.0	-46.0	-18.0	3.5839	0.0003	154
161	5	37	20	31	-18.0	-88.0	-12.0	3.5657	0.0004	69
162	5	33	46	67	-26.0	-36.0	60.0	3.5312	0.0004	107
163	5	40	64	60	-12.0	0.0	46.0	3.4125	0.0006	227
164	5	54	53	68	16.0	-22.0	62.0	3.4097	0.0007	10
165	5	56	40	61	20.0	-48.0	48.0	3.4049	0.0007	62
166	5	56	78	59	20.0	28.0	44.0	3.3943	0.0007	20
167	5	63	26	41	34.0	-76.0	8.0	3.3877	0.0007	94
168	5	69	27	58	46.0	-74.0	42.0	3.3752	0.0007	69
169	5	59	71	51	26.0	14.0	28.0	3.3389	0.0008	74
170	5	70	30	35	48.0	-68.0	-4.0	3.3150	0.0009	22
171	5	54	70	61	16.0	12.0	48.0	3.3062	0.0009	32
172	5	32	43	50	-28.0	-42.0	26.0	3.2707	0.0011	44
173	5	17	59	51	-58.0	-10.0	28.0	3.2437	0.0012	29
174	5	30	62	26	-32.0	-4.0	-22.0	-6.9810	0.0000	281
175	5	49	66	45	6.0	4.0	16.0	-4.0915	0.0000	44
176	5	70	79	39	48.0	30.0	4.0	-3.8634	0.0001	59
177	5	54	42	40	16.0	-44.0	6.0	-3.5451	0.0004	23
178	5	23	84	48	-46.0	40.0	22.0	-3.4765	0.0005	78
179	5	23	80	41	-46.0	32.0	8.0	-3.3587	0.0008	25
180	5	59	35	43	26.0	-58.0	12.0	-3.3420	0.0008	22
181	5	33	50	39	-26.0	-28.0	4.0	-3.2480	0.0012	22
182	6	54	40	54	16.0	-48.0	34.0	4.4145	0.0000	78
183	6	58	71	50	24.0	14.0	26.0	4.1679	0.0000	216
184	6	77	63	43	62.0	-2.0	12.0	3.8043	0.0001	46
185	6	40	64	60	-12.0	0.0	46.0	3.6242	0.0003	36
186	6	54	46	76	16.0	-36.0	78.0	3.4265	0.0006	113
187	6	53	53	68	14.0	-22.0	62.0	3.3695	0.0008	13
188	6	57	22	60	22.0	-84.0	46.0	3.3305	0.0009	16
189	6	54	71	60	16.0	14.0	46.0	3.2010	0.0014	38
190	6	31	62	25	-30.0	-4.0	-24.0	-6.2007	0.0000	178
191	6	50	66	43	8.0	4.0	12.0	-4.4446	0.0000	56
192	6	62	66	27	32.0	4.0	-20.0	-3.9352	0.0001	27
193	6	44	65	35	-4.0	2.0	-4.0	-3.8874	0.0001	145
194	6	38	56	38	-16.0	-16.0	2.0	-3.8795	0.0001	37
195	6	57	52	35	22.0	-24.0	-4.0	-3.6416	0.0003	26
196	6	30	57	33	-32.0	-14.0	-8.0	-3.5672	0.0004	48
197	6	44	54	54	-4.0	-20.0	34.0	-3.4520	0.0006	126
198	6	73	44	36	54.0	-40.0	-2.0	-3.2414	0.0012	88

------------------------------------------------------------------------------------------------
Source: /Users/mak127-ccn/Desktop/MFT_PLS/7_TR/drop_SN_v2.mat
LV Idx: 2, Pos.Thresh: 2.4648, Neg.Thresh: -2.4648, Min Size: 10(voxels)
Pos.Peak Thresh: 3.2000, Neg.Peak Thresh: -3.2000, Min Distance: 10.0mm 

