
Clu#	Lag	X	Y	Z	X(mm)	Y(mm)	Z(mm)	BSR	Appro.P	Clu_Size(voxels)
------------------------------------------------------------------------------------------------

1	1	26	45	53	-40.0	-38.0	32.0	5.1115	0.0000	38
2	1	44	38	27	-4.0	-52.0	-20.0	5.0086	0.0000	88
3	1	50	52	52	8.0	-24.0	30.0	4.2795	0.0000	87
4	1	29	72	54	-34.0	16.0	34.0	4.1879	0.0000	11
5	1	28	42	57	-36.0	-44.0	40.0	4.0905	0.0000	10
6	1	37	82	53	-18.0	36.0	32.0	4.0660	0.0000	11
7	1	22	45	58	-48.0	-38.0	42.0	4.0433	0.0001	19
8	1	20	47	45	-52.0	-34.0	16.0	3.9647	0.0001	14
9	1	21	51	34	-50.0	-26.0	-6.0	3.9607	0.0001	12
10	1	35	40	44	-22.0	-48.0	14.0	-4.5750	0.0000	18
11	1	49	51	32	6.0	-26.0	-10.0	-4.3894	0.0000	17
12	1	19	82	39	-54.0	36.0	4.0	-4.0710	0.0000	10
13	1	27	62	30	-38.0	-4.0	-14.0	-4.0267	0.0001	27
14	1	30	56	25	-32.0	-16.0	-24.0	-3.7914	0.0001	18
15	2	49	43	21	6.0	-42.0	-32.0	4.6330	0.0000	72
16	2	21	59	31	-50.0	-10.0	-12.0	4.4686	0.0000	19
17	2	42	29	54	-8.0	-70.0	34.0	4.4361	0.0000	74
18	2	54	46	28	16.0	-36.0	-18.0	4.3781	0.0000	33
19	2	21	52	34	-50.0	-24.0	-6.0	4.3532	0.0000	27
20	2	29	48	46	-34.0	-32.0	18.0	3.9894	0.0001	12
21	2	43	46	51	-6.0	-36.0	28.0	3.9795	0.0001	48
22	2	40	75	37	-12.0	22.0	0.0	3.9505	0.0001	16
23	2	36	37	52	-20.0	-54.0	30.0	3.8939	0.0001	10
24	2	39	40	59	-14.0	-48.0	44.0	3.8922	0.0001	10
25	2	30	38	39	-32.0	-52.0	4.0	3.8689	0.0001	24
26	2	22	47	46	-48.0	-34.0	18.0	3.8113	0.0001	23
27	2	49	40	53	6.0	-48.0	32.0	3.7804	0.0002	39
28	2	46	44	29	0.0	-40.0	-16.0	3.7603	0.0002	13
29	2	22	57	45	-48.0	-14.0	16.0	3.5720	0.0004	12
30	2	29	68	49	-34.0	8.0	24.0	-6.0597	0.0000	295
31	2	21	83	43	-50.0	38.0	12.0	-5.2493	0.0000	265
32	2	72	78	39	52.0	28.0	4.0	-5.0839	0.0000	59
33	2	68	70	51	44.0	12.0	28.0	-4.2685	0.0000	270
34	2	75	38	39	58.0	-52.0	4.0	-4.2008	0.0000	39
35	2	19	38	37	-54.0	-52.0	0.0	-4.1126	0.0000	17
36	2	54	84	56	16.0	40.0	38.0	-3.8588	0.0001	20
37	2	26	75	45	-40.0	22.0	16.0	-3.8370	0.0001	14
38	2	35	70	65	-22.0	12.0	56.0	-3.6790	0.0002	10
39	3	65	48	59	38.0	-32.0	44.0	7.2218	0.0000	298
40	3	50	37	53	8.0	-54.0	32.0	6.8071	0.0000	1873
41	3	40	66	61	-12.0	4.0	48.0	5.3952	0.0000	44
42	3	22	51	67	-48.0	-26.0	60.0	5.1945	0.0000	360
43	3	43	93	48	-6.0	58.0	22.0	5.0277	0.0000	61
44	3	58	58	64	24.0	-12.0	54.0	4.9767	0.0000	132
45	3	19	59	31	-54.0	-10.0	-12.0	4.6067	0.0000	60
46	3	34	59	62	-24.0	-10.0	50.0	4.2148	0.0000	20
47	3	61	64	50	30.0	0.0	26.0	4.0639	0.0000	22
48	3	24	30	59	-44.0	-68.0	44.0	3.9857	0.0001	25
49	3	73	35	53	54.0	-58.0	32.0	3.9767	0.0001	18
50	3	32	61	67	-28.0	-6.0	60.0	3.9611	0.0001	15
51	3	19	33	55	-54.0	-62.0	36.0	3.8598	0.0001	26
52	3	26	42	67	-40.0	-44.0	60.0	3.8535	0.0001	75
53	3	74	61	32	56.0	-6.0	-10.0	3.8310	0.0001	24
54	3	76	38	39	60.0	-52.0	4.0	-7.1101	0.0000	186
55	3	71	78	40	50.0	28.0	6.0	-7.0481	0.0000	462
56	3	23	37	32	-46.0	-54.0	-10.0	-6.8783	0.0000	285
57	3	30	44	31	-32.0	-40.0	-12.0	-6.2026	0.0000	83
58	3	17	46	59	-58.0	-36.0	44.0	-6.2001	0.0000	220
59	3	24	81	43	-44.0	34.0	12.0	-6.1443	0.0000	533
60	3	45	65	55	-2.0	2.0	36.0	-5.7729	0.0000	85
61	3	62	46	29	32.0	-36.0	-16.0	-5.3139	0.0000	89
62	3	29	68	50	-34.0	8.0	26.0	-5.2263	0.0000	285
63	3	55	43	36	18.0	-42.0	-2.0	-5.0101	0.0000	36
64	3	28	63	30	-36.0	-2.0	-14.0	-4.7620	0.0000	43
65	3	31	51	29	-30.0	-26.0	-16.0	-4.7262	0.0000	11
66	3	68	40	32	44.0	-48.0	-10.0	-4.5678	0.0000	77
67	3	65	69	50	38.0	10.0	26.0	-4.4879	0.0000	124
68	3	28	58	35	-36.0	-12.0	-4.0	-4.2156	0.0000	23
69	3	29	23	55	-34.0	-82.0	36.0	-4.1144	0.0000	65
70	3	26	65	37	-40.0	2.0	0.0	-3.9832	0.0001	12
71	3	76	46	56	60.0	-36.0	38.0	-3.9641	0.0001	29
72	3	45	48	60	-2.0	-32.0	46.0	-3.7301	0.0002	50
73	4	45	36	53	-2.0	-56.0	32.0	6.8879	0.0000	1833
74	4	65	47	59	38.0	-34.0	44.0	6.6801	0.0000	367
75	4	25	49	62	-42.0	-30.0	50.0	6.3190	0.0000	772
76	4	21	31	58	-50.0	-66.0	42.0	5.5230	0.0000	280
77	4	42	37	30	-8.0	-54.0	-14.0	4.9134	0.0000	47
78	4	42	72	60	-8.0	16.0	46.0	4.8169	0.0000	31
79	4	27	50	49	-38.0	-28.0	24.0	4.5651	0.0000	103
80	4	59	38	25	26.0	-52.0	-24.0	4.2946	0.0000	12
81	4	32	60	66	-28.0	-8.0	58.0	4.0431	0.0001	30
82	4	72	34	53	52.0	-60.0	32.0	4.0362	0.0001	67
83	4	19	59	29	-54.0	-10.0	-16.0	3.8292	0.0001	30
84	4	25	36	59	-42.0	-56.0	44.0	3.6003	0.0003	11
85	4	22	36	31	-48.0	-56.0	-12.0	-7.5179	0.0000	344
86	4	70	79	41	48.0	30.0	8.0	-7.1377	0.0000	511
87	4	24	81	44	-44.0	34.0	14.0	-6.8212	0.0000	399
88	4	69	41	31	46.0	-46.0	-12.0	-5.5993	0.0000	84
89	4	29	63	29	-34.0	-2.0	-16.0	-5.5781	0.0000	104
90	4	30	45	29	-32.0	-38.0	-16.0	-5.3718	0.0000	112
91	4	77	38	38	62.0	-52.0	2.0	-5.2149	0.0000	226
92	4	27	66	52	-38.0	4.0	30.0	-5.1375	0.0000	184
93	4	75	45	57	58.0	-38.0	40.0	-4.6876	0.0000	78
94	4	18	44	59	-56.0	-40.0	44.0	-4.6728	0.0000	132
95	4	55	42	35	18.0	-44.0	-4.0	-4.6447	0.0000	49
96	4	29	22	53	-34.0	-84.0	32.0	-4.3646	0.0000	126
97	4	38	81	35	-16.0	34.0	-4.0	-4.3256	0.0000	20
98	4	34	63	28	-24.0	-2.0	-18.0	-4.2891	0.0000	26
99	4	67	71	53	42.0	14.0	32.0	-4.2799	0.0000	24
100	4	27	64	36	-38.0	0.0	-2.0	-4.2722	0.0000	29
101	4	44	48	63	-4.0	-32.0	52.0	-4.1770	0.0000	36
102	4	62	64	25	32.0	0.0	-24.0	-3.8556	0.0001	15
103	4	38	26	33	-16.0	-76.0	-8.0	-3.7495	0.0002	16
104	4	68	45	42	44.0	-38.0	10.0	-3.7317	0.0002	10
105	5	39	40	53	-14.0	-48.0	32.0	5.4841	0.0000	109
106	5	45	32	58	-2.0	-64.0	42.0	3.6358	0.0003	17
107	5	23	37	32	-46.0	-54.0	-10.0	-6.9972	0.0000	198
108	5	70	79	40	48.0	30.0	6.0	-6.6997	0.0000	815
109	5	75	38	42	58.0	-52.0	10.0	-5.5442	0.0000	670
110	5	26	82	46	-40.0	36.0	18.0	-5.4143	0.0000	305
111	5	76	45	55	60.0	-38.0	36.0	-5.3670	0.0000	273
112	5	63	67	48	34.0	6.0	22.0	-4.9565	0.0000	39
113	5	49	76	34	6.0	24.0	-6.0	-4.8298	0.0000	29
114	5	38	18	52	-16.0	-92.0	30.0	-4.7041	0.0000	160
115	5	31	54	43	-30.0	-20.0	12.0	-4.4426	0.0000	32
116	5	24	24	47	-44.0	-80.0	20.0	-4.4347	0.0000	64
117	5	36	61	45	-20.0	-6.0	16.0	-4.3726	0.0000	14
118	5	43	51	58	-6.0	-26.0	42.0	-4.3362	0.0000	20
119	5	32	43	33	-28.0	-42.0	-8.0	-4.2751	0.0000	37
120	5	52	26	21	12.0	-76.0	-32.0	-4.2570	0.0000	10
121	5	75	56	33	58.0	-16.0	-8.0	-4.2390	0.0000	24
122	5	31	58	35	-30.0	-12.0	-4.0	-4.1681	0.0000	33
123	5	37	70	36	-18.0	12.0	-2.0	-4.1208	0.0000	29
124	5	32	28	56	-28.0	-72.0	38.0	-4.0947	0.0000	59
125	5	45	66	55	-2.0	4.0	36.0	-4.0878	0.0000	47
126	5	29	65	40	-34.0	2.0	6.0	-4.0593	0.0000	31
127	5	52	71	39	12.0	14.0	4.0	-4.0096	0.0001	40
128	5	24	67	51	-44.0	6.0	28.0	-3.9990	0.0001	97
129	5	28	61	28	-36.0	-6.0	-18.0	-3.9581	0.0001	10
130	5	48	51	61	4.0	-26.0	48.0	-3.9548	0.0001	58
131	5	29	80	59	-34.0	32.0	44.0	-3.9546	0.0001	25
132	5	65	57	57	38.0	-14.0	40.0	-3.9531	0.0001	30
133	5	65	43	49	38.0	-42.0	24.0	-3.8952	0.0001	12
134	5	42	44	62	-8.0	-40.0	50.0	-3.8835	0.0001	31
135	5	53	56	37	14.0	-16.0	0.0	-3.8213	0.0001	18
136	5	58	31	59	24.0	-66.0	44.0	-3.8137	0.0001	55
137	5	56	42	35	20.0	-44.0	-4.0	-3.7854	0.0002	21
138	5	60	43	28	28.0	-42.0	-18.0	-3.6776	0.0002	20
139	5	33	58	24	-26.0	-12.0	-26.0	-3.6582	0.0003	20
140	5	39	27	31	-14.0	-74.0	-12.0	-3.6476	0.0003	15
141	5	50	44	60	8.0	-40.0	46.0	-3.6343	0.0003	13
142	5	32	19	46	-28.0	-90.0	18.0	-3.5532	0.0004	14
143	5	44	52	67	-4.0	-24.0	60.0	-3.5137	0.0004	12
144	5	50	24	46	8.0	-80.0	18.0	-3.4709	0.0005	11
145	5	55	19	49	18.0	-90.0	24.0	-3.4193	0.0006	14
146	6	35	68	37	-22.0	8.0	0.0	-5.2860	0.0000	83
147	6	76	41	43	60.0	-46.0	12.0	-5.0717	0.0000	369
148	6	57	26	36	22.0	-76.0	-2.0	-5.0530	0.0000	231
149	6	44	69	37	-4.0	10.0	0.0	-4.9861	0.0000	26
150	6	33	65	56	-26.0	2.0	38.0	-4.9290	0.0000	30
151	6	52	50	26	12.0	-28.0	-22.0	-4.9172	0.0000	11
152	6	48	71	53	4.0	14.0	32.0	-4.8222	0.0000	69
153	6	44	20	33	-4.0	-88.0	-8.0	-4.7593	0.0000	260
154	6	53	70	34	14.0	12.0	-6.0	-4.5942	0.0000	177
155	6	44	19	51	-4.0	-90.0	28.0	-4.5875	0.0000	150
156	6	72	79	37	52.0	30.0	0.0	-4.5371	0.0000	48
157	6	30	65	39	-32.0	2.0	4.0	-4.5356	0.0000	24
158	6	65	59	60	38.0	-10.0	46.0	-4.5244	0.0000	66
159	6	50	27	48	8.0	-74.0	22.0	-4.3123	0.0000	74
160	6	24	37	33	-44.0	-54.0	-8.0	-4.1784	0.0000	25
161	6	39	51	41	-14.0	-26.0	8.0	-4.1603	0.0000	43
162	6	55	42	35	18.0	-44.0	-4.0	-4.0492	0.0001	15
163	6	64	40	34	36.0	-48.0	-6.0	-4.0337	0.0001	13
164	6	30	29	34	-32.0	-70.0	-6.0	-4.0321	0.0001	136
165	6	59	52	70	26.0	-24.0	66.0	-4.0140	0.0001	54
166	6	63	69	49	34.0	10.0	24.0	-3.9318	0.0001	102
167	6	36	62	46	-20.0	-4.0	18.0	-3.9253	0.0001	22
168	6	49	67	43	6.0	6.0	12.0	-3.8452	0.0001	62
169	6	75	46	55	58.0	-36.0	36.0	-3.7935	0.0001	22
170	6	37	88	43	-18.0	48.0	12.0	-3.7709	0.0002	25
171	6	67	79	44	42.0	30.0	14.0	-3.7557	0.0002	18
172	6	74	55	51	56.0	-18.0	28.0	-3.7158	0.0002	31
173	6	43	66	43	-6.0	4.0	12.0	-3.7052	0.0002	19
174	6	61	82	56	30.0	36.0	38.0	-3.5969	0.0003	11
175	6	42	30	42	-8.0	-68.0	10.0	-3.5718	0.0004	12
176	6	28	58	60	-36.0	-12.0	46.0	-3.5429	0.0004	10
177	6	39	20	44	-14.0	-88.0	14.0	-3.5294	0.0004	13
178	6	26	85	52	-40.0	42.0	30.0	-3.5205	0.0004	11
179	6	51	51	43	10.0	-26.0	12.0	-3.4767	0.0005	12

------------------------------------------------------------------------------------------------
Source: /Users/mak127-ccn/Desktop/MFT_PLS/7_TR/7TR_result.mat
LV Idx: 3, Pos.Thresh: 3.2800, Neg.Thresh: -3.2000, Min Size: 10(voxels)
Pos.Peak Thresh: 3.2000, Neg.Peak Thresh: -3.2000, Min Distance: 10.0mm 

